25
30
13
94
25
44
69
47
27
92
23
53
50
85
67
1
87
78
98
59
47
90
48
58
22
63
2
51
74
96
21
43
72
14
21
97
93
26
13
76
91
53
56
68
5
13
30
59
25
16
24
31
82
37
80
13
71
70
37
93
27
63
56
41
68
23
40
31
67
30
46
52
92
11
39
47
2
57
30
66
49
19
4
82
3
45
36
78
57
24
28
13
58
74
75
37
51
64
28
99
61
70
70
48
3
57
28
90
60
42
66
29
26
83
86
94
13
61
27
62
33
1
6
92
43
67
17
97
84
57
71
68
67
18
21
90
57
58
50
13
50
37
18
37
20
56
2
26
16
22
70
97
31
18
81
70
62
45
15
50
57
75
30
62
60
33
30
52
44
89
86
24
47
26
98
63
80
50
4
7
17
93
28
36
88
98
99
50
8
92
96
67
57
39
13
57
13
75
30
33
65
90
35
53
39
13
32
96
40
97
100
44
61
11
1
47
72
28
3
49
14
19
96
66
22
34
76
2
82
64
35
9
60
44
75
72
44
23
32
52
63
82
34
35
63
48
83
50
54
84
70
26
22
73
22
16
85
38
13
24
65
32
61
4
29
14
22
73
95
89
10
34
95
57
74
20
56
91
82
84
81
84
6
82
32
67
47
88
28
8
57
45
61
16
28
90
24
76
98
54
